$ 1 0.000005 10.200277308269968 81 5 43
r 528 176 528 240 0 1000
r 528 240 528 304 0 1000
w 256 496 336 496 0
w 256 432 336 432 0
w 256 368 336 368 0
w 256 304 336 304 0
w 256 240 336 240 0
w 256 176 336 176 0
w 416 176 528 176 0
w 528 240 416 240 0
w 416 304 528 304 0
w 528 368 416 368 0
w 416 432 528 432 0
w 528 496 416 496 0
w 528 176 528 96 0
R 528 96 528 32 0 0 40 5 0 0 0.5
w 304 128 304 192 0
w 304 192 304 256 0
w 304 256 304 320 0
w 304 320 304 384 0
w 304 384 304 448 0
w 304 448 304 576 0
s 256 176 304 128 0 1 false
s 256 240 304 192 0 1 false
s 256 304 304 256 0 1 false
s 256 368 304 320 0 1 false
s 256 496 304 448 0 1 false
s 336 496 384 448 0 1 false
s 256 432 304 384 0 1 false
s 336 368 384 320 0 1 false
s 336 304 384 256 0 1 false
s 336 240 384 192 0 1 false
s 336 176 384 128 0 1 false
w 384 448 384 576 0
w 384 384 384 448 0
w 384 320 384 384 0
w 384 256 384 320 0
w 384 192 384 256 0
w 384 128 384 192 0
w 336 176 416 176 0
w 336 240 416 240 0
w 336 304 416 304 0
w 336 368 416 368 0
w 336 432 416 432 0
w 336 496 416 496 0
w 464 384 464 448 0
s 416 432 464 384 0 1 false
w 464 320 464 384 0
s 416 368 464 320 0 1 false
w 464 256 464 320 0
s 416 304 464 256 0 1 false
w 464 192 464 256 0
s 416 240 464 192 0 1 false
w 464 128 464 192 0
s 416 176 464 128 0 1 false
s 416 496 464 448 0 1 false
w 464 448 464 576 0
r 464 576 384 576 0 6800
r 384 576 304 576 0 6800
r 464 576 464 656 0 6800
g 464 656 464 704 0
a 912 384 1056 384 1 10000 -15 1000000
w 912 400 912 464 0
w 1056 384 1056 464 0
r 912 464 1056 464 0 203600
r 816 464 912 464 0 1000
g 816 464 816 512 0
w 1056 384 1200 384 2
w 912 368 688 368 0
w 688 576 464 576 2
w 688 368 688 576 0
r 528 304 528 368 0 1000
r 528 368 528 432 0 1000
r 528 432 528 496 0 1000
x 1068 400 1343 403 0 10 this value is what you read from the MCU (0~1023)
s 336 432 384 384 0 1 false
x 688 576 843 579 0 10 connect to Pin 2 of Digispark
o 69 64 0 551 0.0000762939453125 0.00009765625 0 -1
o 67 64 0 551 0.0000762939453125 0.00009765625 1 -1
